0 -1.65775225612534e-05 -4.59827095046168e-07 -1.11343952321729e-05 9.86763297519985e-06 1.6216091239996e-06 -2.61339360957259e-06 0.999999999946585
0.7     0.146958531997338 -0.000776772465236506    -0.017310774837777 0.0332855571228108 -0.0318984390445882 0.0429684284066264 0.998012161966881
1     0.209226836439364 -0.000188143056285889   -0.0243413554802806 0.0482054141371992 -0.0464171971077542 0.0619103422812803 0.995835725096833
1.3     0.270444909300013 -7.81007729000291e-05   -0.0318186834187473 0.0618148523189227 -0.0593470042488061 0.0796639203177941 0.993131671491289
1.6    0.32815952803204 0.00124827249082166 -0.0379741536537072 0.0737787600166031 -0.0701984839644531 0.095140393578382 0.990240967103086
2   0.386767876584507 0.00216217136236365 -0.0443625854614813 0.0848938645269182 -0.0785721124281201 0.11042547592663 0.987130016350757
2.6   0.436907708628689 0.00343737114830722 -0.0493738145797004 0.0898604126950235 -0.0761128745054609 0.119354091388107 0.985843059230888
3.5   0.483439491872792 0.00567292714042029  -0.051830424902359 0.080920507056479 -0.0501448851069744 0.113205467247623 0.989000447027492
3.8   0.536003681226679 0.00794721717787942 -0.0563168299422117 0.0765662866788203 -0.0388739732436646 0.109282556694514 0.990294774676095
4.1   0.611149951412509  0.0110544200505753 -0.0632133654246272 0.0727783176603669 -0.0278784248288974 0.105967764678299 0.991310719581238
4.3   0.673672070207542  0.0137787180147972 -0.0689673422706318 0.070746965235138 -0.0209433015669154 0.104283890829561 0.99180699490523
4.5   0.746073189546861   0.017328895757819 -0.0750564723752235 0.0691220932697145 -0.014354259919222 0.102803124796918 0.992193332459039
4.7  0.828355946963341 0.0214096384172553 -0.083365800667469 0.0677242395902372 -0.0078390903543264 0.101651725378439 0.992481185092155
4.9   0.912191717050852  0.0252711741564328 -0.0913201417455954 0.0660339331138629 -0.00148201684462659 0.100565050165093 0.992735611323014
5.1   0.995609416996287  0.0297219892826885 -0.0993903060044295 0.064281847981215 0.00465981673600245 0.0995041586929398 0.992947658505179
5.3   1.07846089324682 0.0330689592333405 -0.108109864405927 0.0618361118427708 0.0108467268620029 0.0981695002123034 0.993187491371401
5.5   1.16035286357285 0.0373260392375655 -0.116403263445979 0.059192203263255 0.016980771157769 0.0964751439019869 0.993428650227494
5.7   1.24193404473499 0.0420349357828859 -0.124819274624777 0.0559535058167002 0.0230576611223166 0.0943800946452617 0.993695097696039
5.9   1.32254182825696 0.0458445754987512 -0.133429292198134 0.0516964010488049 0.0294051334599679 0.0915103262250686 0.994026498861567
6.1   1.40243490426578 0.0501415990648851 -0.142347809388243 0.0465612897126688 0.0359760391523787 0.0879384425705945 0.994386545175194
6.3   1.48211373377129 0.0538916272663447 -0.151579952828531 0.0401768633317444 0.0427478251567798 0.0836303668388573 0.99476851821898
6.5   1.56073036639297 0.0580386715982334 -0.160840037480746 0.0333652356081868 0.0496718883403925 0.0789175582745783 0.995083656562346
6.7   1.63841431198055 0.0624724291493231 -0.170084931021318 0.0260711744135024 0.0570234026261375 0.0736580802578194 0.995310560895629
6.8   1.67687397714778 0.0647008005452965 -0.174929356519154 0.0223186965924833 0.0607682077945754 0.0710947250447282 0.995366586125264
6.9   1.71496472828887  0.066680842911839 -0.179839535395401 0.0184560350224036 0.0646110403147605 0.0685399433634895 0.995382873272605
7   1.75291562287159 0.0689310536884228 -0.184564134642996 0.014696298403018 0.0684438949732489 0.0659874545288429 0.995361797488202
7.1   1.79243750441606 0.0712220042002374 -0.189857465338425 0.0109832617603039 0.0723433731125704 0.0634785613563258 0.995297079557622
7.2   1.83443181530506 0.0732417301965153 -0.195596272846043 0.00715141693209507 0.0762630541292147 0.0612389032212662 0.995179682541301
7.3   1.87446247171235  0.075693617567825 -0.201598735275526 0.00351557695682059 0.0803683282747192 0.0590180338223441 0.995010273420698
7.4   1.91488895768775 0.0776716251272815 -0.207680228992892 -0.000200416326652189 0.0843997460296782 0.0570889111958257 0.994795204512917
7.5   1.95474248594232 0.0795725106749125 -0.214199014563174 -0.00384715290141795 0.0884571642384449 0.055446807991543 0.994528119759816
7.6   1.99424118176543 0.0813946455848304  -0.22056464465291 -0.00736894865883465 0.0924156944297373 0.0540524658287947 0.99422500921902
7.7   2.03384579794034 0.0830187086321109  -0.22671776892377 -0.0106898582559206 0.0963978009850202 0.0528891637800835 0.993879231723032
7.8   2.07095314829008 0.0847432752149834 -0.233788211166259 -0.0138421615124253 0.100644898904348 0.0521532993212775 0.993458118019629
7.9   2.10859799784082 0.0862963717538226  -0.24033407515268 -0.0167878211450493 0.104740988269278 0.0516416853300859 0.993015926747323
8   2.14574176247813  0.087601505450845 -0.247229943015214 -0.0195520329783141 0.108815104049678 0.0515553131857023 0.992531632150531
8.1    2.1825582844292 0.0886560772760327 -0.254100772553234 -0.0222016031425913 0.112860685892709 0.0518644205400436 0.992007881158094
8.2   2.21854585763651 0.0893764658806586 -0.261169265705868 -0.0248134415671275 0.117154427659894 0.0525123922898443 0.99141393063305
8.3   2.25449891851042 0.0902290064883427 -0.268357036551873 -0.0270043428097955 0.121203078884867 0.0533094487880962 0.990827271429359
8.4   2.28974820862484 0.0909681170382639 -0.275641997844467 -0.0293724996617156 0.125509806147973 0.054516551510496 0.990157810874471
8.5   2.32397844911885 0.0916029561711082 -0.282912020196097 -0.0310302064056309 0.12993252213643 0.0556682819890408 0.989472439415105
8.6   2.35732511158279 0.0927131999913639 -0.290206794074167 -0.0326012161635279 0.134440113868903 0.0573790613783941 0.988721730216804
8.7   2.38889822640124 0.0934855881142588 -0.297789476178054 -0.0340504160049658 0.139554391786134 0.0587667313543767 0.987882387832182
8.8   2.42034975851999 0.0929353537262363 -0.306249894853559 -0.0363711800480772 0.144497135284399 0.0602079873664243 0.987001881160212
8.9   2.45121048927084 0.0931426454555056 -0.314116470408819 -0.0379345182466607 0.1493966457279 0.0615515581139618 0.986130326206628
9   2.48277046307489 0.0928043068408879 -0.322195131447801 -0.0401052518315242 0.153177623114052 0.0628677439309789 0.985381058944045
9.1   2.51241915938384 0.0923481825089701 -0.329967038585801 -0.0419579456353258 0.157906180240624 0.0640291411325663 0.984482319864458
9.2   2.53912706697607 0.0916764712443481 -0.338772868809435 -0.0383405498354311 0.167570703683147 0.0716890511786565 0.982502285720779
9.3    2.5740215424638  0.108677845529816 -0.341995241219327 -0.0227359652022169 0.175604304982792 0.0800539838494051 0.980937084438994
9.4   2.60520130812606  0.137739118900634 -0.324233051934216 -0.00470852443622789 0.199661791593515 0.0810586434627371 0.976495005156341
9.5   2.62569756983051  0.157465001326129 -0.311297212643574 0.00704042863205907 0.225213698618074 0.0782544153654968 0.971136174177056
9.6   2.64290726919021  0.174474340493768 -0.299548019430154 0.0177855713835207 0.250834045162988 0.0747498332819859 0.964975863771757
9.8   2.66230290605297   0.19293054771335 -0.292114306135937 0.0325582665718588 0.300637034855722 0.0694903329139922 0.950646320238235
10.1    2.6653369924439  0.195557176931039 -0.299685065811844 0.0280792778190417 0.368866786939339 0.0459802006541471 0.927919537890012
10.4   2.64220902595064  0.174046049837687 -0.325958014415716 -0.000769414764583094 0.431980569874301 0.00423981273771837 0.901872618078597
10.6   2.62165326705229  0.157253424771433 -0.347120854882369 -0.0210298233586299 0.474456838528832 -0.025186784087365 0.87966702837498
10.8   2.59465248930719  0.136620380152648 -0.372289324525128 -0.0419312152734015 0.51542054637614 -0.0561174543735753 0.854069238922494
11   2.56214685712398  0.110569724150162 -0.401059866821584 -0.0646406772506474 0.553382173860874 -0.0890704656080467 0.825624735975102
11.2   2.52422739511988 0.0824929552083628 -0.420715059975998 -0.0923281500165417 0.595689788556391 -0.124121222963043 0.788177080695908
11.4   2.47223614002422 0.0431830089183934   -0.4481804598068 -0.123636787826062 0.635145227379318 -0.156352033873967 0.746229539978686
11.6   2.44558421817925 0.0301607164388509 -0.452714207096207 -0.14892967856597 0.678320839077988 -0.183977677439184 0.695595431496538
11.8    2.4359731951059 0.0311184634385961 -0.453436546799133 -0.165055657550287 0.718937191117267 -0.198455610254815 0.645369131503395
12   2.42723490434635 0.0331423623979633 -0.444087238155348 -0.176618105706485 0.757468431256962 -0.207466328459667 0.593300381713374
12.2   2.42076763098628 0.0347472196078656 -0.437834731137988 -0.185400175298049 0.802393108676597 -0.212176156877354 0.526092532355778
12.4   2.41666194395634 0.0378581845971079 -0.425658248873463 -0.184373640935674 0.850008361722284 -0.206373922589185 0.448220871452317
12.5   2.41296081029656 0.0402488259319745 -0.421336983043367 -0.179107207958156 0.872970779374596 -0.204933480114055 0.404777587254886
12.6    2.4073351899123 0.0426681943980531 -0.414789236240481 -0.173417242112434 0.895351812881148 -0.200980375836738 0.357601006482202
12.7   2.40167116045156 0.0454968130924385 -0.408739022333431 -0.169443472840981 0.914399842077276 -0.200866490873155 0.307919618025461
12.8   2.39556377989829 0.0499562907765427 -0.401747698374745 -0.164849339749987 0.930222147720728 -0.202019495226909 0.258262607866671
12.9   2.38986316649005 0.0565731658655657  -0.39783137247308 -0.15597838821514 0.942936402794782 -0.204254068299641 0.211711970085042
13   2.38336912104701 0.0651653740707626 -0.391864231216043 -0.145176206641693 0.953640310530522 -0.204824853105838 0.165954230758212
13.1   2.37498142162099 0.0752611940613032 -0.383826547031554 -0.131910082731598 0.961883819392237 -0.205858449727088 0.122480801520506
13.2   2.36240319364859 0.0865615192100563 -0.374370949847559 -0.11956346358359 0.967459530286194 -0.206144073716646 0.0850367938354864
13.3   2.34708282178316 0.0997333721282436  -0.36298332699732 -0.10572774244338 0.971357855079736 -0.206618439562969 0.0509350791231718
13.4   2.33167646524934  0.117152732722965 -0.349296526581702 -0.0892880322799492 0.974160691574644 -0.206701786241225 0.0176908407678249
13.5   2.31532899625254  0.138168502793227 -0.330786226159661 -0.0704699763766058 0.975903968631451 -0.205888817935525 -0.015975640455928
13.6   2.29842522304912  0.158470003286851 -0.307821671715438 -0.0551930518490049 0.976139900548275 -0.203628416898034 -0.0513818004433182
13.7   2.28574814471067  0.185740003641564 -0.277093255385348 -0.0359614965284736 0.975128424689272 -0.200124018298892 -0.088213963919302
13.8   2.27065214463304   0.21488945251418 -0.238706608508124 -0.0208654222720242 0.972621098248146 -0.196973269931403 -0.121549842980203
13.9  2.25975730252647 0.245346383638326 -0.19004827127271 -0.00694756818934092 0.968890132515179 -0.19224481413828 -0.155709902857564
14   2.26331887937644  0.261766976857204 -0.155512433766526 0.00148671363491888 0.963933010679346 -0.186818279868141 -0.189551763147509
14.2    2.29858940207756   0.278879173770077 -0.0976049159809498 0.0109572432651001 0.950651351851809 -0.176817229912661 -0.254710842424052
14.4    2.33624410823607   0.281439621862816 -0.0550743056914467 0.00870310431480228 0.935726696962481 -0.170246720841877 -0.308797439447866
14.6     2.3584638190075   0.295398212151478 -0.0178698517637423 0.00461823373760092 0.920231565314577 -0.166237023600747 -0.354284899622033
14.8   2.39359295344804  0.311313515408319 0.0321178961182511 0.000573266203056704 0.900534392062776 -0.15925214938245 -0.40456919432287
15   2.42232264812666  0.322571202775415 0.0688946300963984 -0.00087540433117625 0.879595766254288 -0.150358880874006 -0.451334386677002
15.2  2.45580016491295 0.333355694606895 0.112025365789567 0.00101262472468868 0.859578588578083 -0.137318891571369 -0.49220640656831
15.4  2.50027469482044 0.345492349338753 0.160116809551404 0.00861821393973634 0.84089152424527 -0.121757407841695 -0.527259238398557
15.6  2.55614140101214 0.352418476758656  0.21064479418524 0.0161547999893229 0.822666589650116 -0.104294328624758 -0.558642459653278
15.8  2.61803189168127 0.358139673526696 0.263624720322191 0.0263862224285921 0.804763748599819 -0.0870451123009961 -0.586585223671738
16  2.68849400861962 0.360471959001231  0.31452702797737 0.0380770860829825 0.785845407007177 -0.069645776316353 -0.61330791421801
16.2  2.78507921265687 0.386048553744545 0.358798791925896 0.0510720709810547 0.764731255029208 -0.0515696617886122 -0.64024864008459
16.4  2.83943859097532 0.349856634355158 0.399822339039512 0.0623124543450466 0.744785463239356 -0.0312059191154646 -0.663655002537459
16.6  2.91380532552456 0.336518257521699 0.439947744889985 0.0740416590074957 0.724116449604151 -0.0111962386242807 -0.685600353256009
16.8  2.98797466501467 0.319596494313823  0.47662495984927 0.0857156967305696 0.703286261208031 0.00828363345038122 -0.705671761902715
17.1  3.09130501210379 0.291647273920143 0.528140060526772 0.102066472796151 0.67396150751416 0.0343479342993926 -0.730875188338993
17.4  3.17992895920485 0.266559583211894 0.570183963235172 0.116134199549484 0.64856214811595 0.0533732997258618 -0.750354102142847
17.9  3.30768101906464  0.22714308067319 0.628256436136776 0.123760303251518 0.620810980852603 0.0682968089834965 -0.771111314451158
18.3  3.50550151271085  0.16048483973671 0.705603166162813 0.112107800536869 0.593730538303841 0.0704040257248373 -0.793699667447299
18.6   3.74659874164379 0.0739485815154724  0.783097221232854 0.0892744197527499 0.562288443176521 0.0733558045609013 -0.81882886526133
18.8     3.90406182060463 -0.00135108997283404    0.819256490874311 0.0647543079699608 0.536197461966418 0.0816342648665122 -0.837636560913984
19   4.09793624342894 -0.127738643224071  0.765966941323299 0.0322000259403016 0.498369102512807 0.0980057408988923 -0.860805594045997
19.2   4.46522344615438 -0.386146881572669   0.53445525936499 -0.00545530504306559 0.454338802340272 0.122431129317983 -0.882358833416892
19.4   4.78549187537976 -0.580853250263432  0.283612841594418 -0.0390109441591785 0.413691529301073 0.136356037012448 -0.899302227279911
19.6     5.0434347091945  -0.726349679210694 -0.0213990106752981 -0.058104410550599 0.37378527837857 0.139754864222126 -0.915083067851372
19.8   5.36604984115666 -0.906862372804283  -0.41670407159551 -0.0755759354547162 0.339818033363922 0.142497253568985 -0.926556266454508
20   5.65386260709283  -1.10855921039394 -0.886940821990036 -0.0837595588726284 0.307859661098936 0.142613029564608 -0.93694625735093
20.2  5.88324898614268 -1.30114396669039 -1.36237588405773 -0.0882212775655761 0.280225713932358 0.145230308658234 -0.944774424337806
20.4  6.04974673073829 -1.47732009239836  -1.7914721800963 -0.0885524243593048 0.257590729450526 0.148476931683066 -0.950662971299092
20.9  6.19509361783759 -1.62585595681734 -2.15142584492277 -0.0830026957054727 0.233598168977322 0.15717930260172 -0.955948280394763
21.6  6.34663785037982 -1.76948043776806 -2.48891754634866 -0.0636477570566026 0.201701500254583 0.17059428033273 -0.962373658894752
21.9  6.56341513099715 -2.06327417330157 -3.06396502294028 -0.0519052301249336 0.177782516296097 0.178624296708137 -0.966329438965113
22.1  6.80710854961318 -2.41747822671973 -3.71660928812007 -0.0444052274770231 0.159368664307744 0.186810388741044 -0.968365469886189
22.3  7.09838151394259 -2.92160423447962 -4.57258479287647 -0.0356269355028304 0.139582425381758 0.196211761454707 -0.969921859047452
22.5  7.41581765685608 -3.68992484428748 -5.75569383628112 -0.0268615696190893 0.117063460176254 0.209039724273769 -0.970503475544888
22.7  7.71965794493609 -4.64492839075638 -7.09150023978353 -0.0172461583196018 0.0950120730479252 0.222869920647906 -0.970053748237048
22.8   7.7823877062907  -5.2069688580464 -7.80589646592083 -0.0106238783317537 0.0822038797994696 0.229882572391167 -0.969682246030073
22.9 7.92307193158337 -5.9800141264003 -8.7520963805389 -0.00324455624702395 0.0696225589920964 0.239473135181822 -0.968398053312965
23  7.98300851701372 -6.90251860259075 -9.72661657799731 0.00662759100400956 0.0567610142587723 0.249822592319348 -0.966603814737269
23.1  8.00250665078136 -8.09752229033708  -10.860428521538 0.0209443546065062 0.0416107140150415 0.259999350675057 -0.964484432294179
23.2  7.85711564420937 -9.63910321583009 -12.1899110266551 0.0389090622545028 0.0243789344895325 0.274875253786642 -0.960382917009335
23.3 7.56570939747048 -11.506971424818 -13.524799103015 0.0607712025679052 0.00614741905410464 0.288065104936323 -0.955660800438863
23.4  6.99528969374551 -13.4431388601067 -14.8216453086183 0.0806799471954842 -0.0135934682437947 0.304336927557713 -0.949044255167466
23.5  5.54110543840484 -16.7126213193944 -16.3350082495526 0.119325139502011 -0.0414282295288671 0.328629472302228 -0.935974296022753
23.6  4.10815654641305  -19.724949887067 -17.2963105109431 0.150541495317702 -0.0636770107947364 0.350039843350538 -0.922363596718175
23.7  2.20020864054064  -23.136952906256 -17.7365073621625 0.190361886796776 -0.0957084101657824 0.371920000727109 -0.903480915868098
23.8 0.345190696488954 -24.5664377701621 -17.4943403182003 0.213921595607466 -0.127712532809886 0.38975640624304 -0.886575999950681
23.9 -1.40624049463431 -26.5250687514854 -17.1485494086573 0.239610971635761 -0.157351884350667 0.409466592155346 -0.866120128314629
24 -2.68973466522382 -28.5832123832555 -17.1785998102019 0.258675583921442 -0.18273724639282 0.422785414997354 -0.849085704701938
24.1 -4.58308376554237 -31.2549310279262 -16.7505261383391 0.282117859521925 -0.205479677800436 0.440902038565927 -0.826917775681601
24.2   -6.698364734347 -34.2998185267526 -16.3737657536771 0.303886042959724 -0.228508435966248 0.458221170348703 -0.803411803890636
24.3 -9.57433735348003 -37.8262621239978 -15.2724881250408 0.330553705004652 -0.248741099323142 0.479730403501287 -0.773770543230811
24.4 -12.8614605791538 -41.8269828729108 -13.7326039566762 0.356074267253812 -0.267195212065729 0.499984704468945 -0.742854716715128
24.5 -8.37399452931085  -41.276432847638 -13.4300962310844 0.351145222518591 -0.289289228468346 0.524148676909892 -0.719914536238968
24.6 -3.38577320323274 -40.2550397767707 -13.1474559525982 0.345233262128396 -0.30826985301351 0.548500535017263 -0.696369769252652
24.7   1.5218065598043  -39.001655817567 -12.7051378520957 0.337871700205288 -0.326012983748413 0.570763869220974 -0.673637034477579
24.8  5.28354214451093 -38.1249972982403 -12.4110498227488 0.329560993536468 -0.340876633336909 0.593918058903847 -0.649964623415795
24.9  9.08592320224146 -37.0675466399709 -12.0856564119745 0.320920244025264 -0.354697998746242 0.614769201017827 -0.627103146332466
25  12.1924774849483 -36.2350464008277 -11.8136279543257 0.310860463953453 -0.365688324429601 0.637149561479318 -0.603057424822237
25.1  15.1828521249701 -35.5027553745448 -11.5615460535133 0.301998258911615 -0.372847724587393 0.659295984690228 -0.578887234662934
25.3  17.9668211365875 -34.7466771984149 -11.3561673144267 0.277601593254391 -0.384771179241803 0.684787647544885 -0.553131424543425
25.4  19.6698691624404 -34.1830179967097 -11.1491505734502 0.266949589502566 -0.389530337741569 0.69921367272174 -0.536753455994767
25.6  22.0495609960178 -33.6164305817807 -10.9401937781938 0.250371989167653 -0.390949675164066 0.720817524973381 -0.514678845709237
25.8  24.0063964678896 -33.3682357663562 -10.8043080070534 0.237002942830286 -0.388052603189612 0.741198002440463 -0.493832262439198
26  25.0125752990752 -32.7636139292515  -10.728012908018 0.221516259832123 -0.394092597103855 0.776893944048774 -0.438243506783919
26.1 24.6302644312583 -32.734351391524 -10.782032813575 0.246177761590467 -0.374845470212234 0.821396710232036 -0.352412865230068
26.2  24.1397089775744 -32.6461546392913  -10.808444331138 0.269131981769416 -0.35215836408401 0.852975709322894 -0.27565359112416
26.3  23.7338790130454 -32.4901692529444 -10.8319872063299 0.273618774411181 -0.334925608325562 0.874694217740936 -0.218786719496516
26.4  23.4827071882812 -32.2067641763011 -10.9584317639961 0.248927844812534 -0.334164945195788 0.888774561370259 -0.190914893448329
26.5  23.0159351288046 -31.8600900674773 -11.1711444249089 0.223153043855339 -0.328407868304698 0.903491409888368 -0.161413330650199
26.6   22.423300073548 -31.4586797046361 -11.4992885361938 0.196272582113695 -0.318928608006263 0.917479732613133 -0.134136336425836
26.7  21.5354918861042  -31.012710336968 -11.8570948664439 0.190646848562924 -0.295317995935989 0.931333203960304 -0.0951815297755385
26.8   20.526804603449 -30.1914382681962 -12.8709921748514 0.146548961207277 -0.286704228522976 0.943493372894082 -0.0783858572770749
26.9  19.3063182799971 -29.8491544033922 -14.4474109044763 0.102153013677522 -0.262334774877844 0.957096735277872 -0.0686372129885081
27  15.6957092821418 -28.9253518919029 -18.4763905116024 0.0563660420557438 -0.225983693793614 0.969458950418953 -0.0768347765985289
27.1  5.85358342719525 -28.4198704856118  -28.826787277545 0.0264243768892105 -0.193274756438883 0.976191179371766 -0.0948546369255018
27.2 -2.80429937908409 -28.0853264198352 -37.6744604330662 0.0058266449759733 -0.16107793035384 0.981890648793214 -0.0995525206797315
27.8 -4.54243748155742 -23.9605625744307 -37.7992198921833 0.063596259577971 -0.203022116090063 0.968913966719437 -0.12626662758627
27.9 -1.61945342897109 -23.6706320811079 -33.6679430747915 0.0782625476495278 -0.210525546427098 0.966866468228679 -0.121339196272181
28.2 -3.75856505180931 -24.6801982219215 -31.4926947077193 0.0970063288923891 -0.202274972860967 0.966059379676625 -0.128077642263323
28.5 -5.58041307379154 -25.7213507394724  -29.508408946217 0.116950450107913 -0.187917578057076 0.965664258717807 -0.136022481640749
28.8 -7.08014435103971  -26.588971937807 -27.8291494198332 0.133491916534253 -0.16937592201165 0.965610719478149 -0.145215852067216
29.1 -8.31233983815749 -27.2235113748627 -26.5911563618895 0.148099277832045 -0.14803114502081 0.965485223118685 -0.154892439934677
29.4 -9.32830312222881 -27.6472730295263 -25.7585583357935 0.161741225925215 -0.125169123613906 0.964797283660172 -0.165344089014059
29.8 -10.0508706948384 -27.9353529231235 -25.2062318373858 0.179964839659854 -0.0943702540303994 0.96290325749306 -0.177550636016026
30.3 -10.7797710034257 -28.2913807734314 -24.5859286706357 0.198975408190928 -0.0591275949673831 0.959171544125694 -0.192100659520363
30.5 -11.4926061923908 -28.6378761670857 -23.9498487656555 0.205249873565067 -0.0465666346149924 0.957552520268837 -0.196970070997999
31  -12.068507774007 -29.0386529943797  -23.339670408693 0.217999737929051 -0.0230598893910548 0.954098352545029 -0.204060504348587
31.5 -12.8598157415252 -29.5729759995356 -22.4781728825499 0.224472484151588 -0.0134710194349261 0.952509074539352 -0.205321938463444
31.7 -13.7432655235136 -30.2184318841364 -21.4359891900823 0.224902339691317 -0.014662415568527 0.952762076397253 -0.203588744655159
31.9 -14.6559710062527 -30.9190882005213 -20.2787794724467 0.224552977829648 -0.0189192516449892 0.953324608111045 -0.200973166455009
32.1 -15.5064942331173 -31.5547629427316 -19.2089541540534 0.221615805577573 -0.0256031622572882 0.954489460828351 -0.197941359923171
32.3 -16.2474850496563 -32.1316555823746 -18.2245636035939 0.217526161978763 -0.0357584535845856 0.955846677833599 -0.194321461312177
32.6  -17.189205040973 -32.9119142956654 -16.9024221904719 0.210255310290971 -0.0546028536574062 0.957728278527843 -0.188594213524727
32.9 -17.9047227456655 -33.5160105125712 -15.7953633616933 0.200894502999462 -0.07683701710241 0.959427784680764 -0.18230687713294
33.3 -18.5964841216686  -34.090748681038 -14.7328780880675 0.189034775510668 -0.106796024698948 0.960294534416869 -0.175199514626101
33.9 -19.0650098001271 -34.4536863249136  -14.011908758359 0.179015924114179 -0.14149809535005 0.958680827741626 -0.169890136401397
34.7 -19.5982476803549 -34.5547962104766 -13.7502809042509 0.224793460291351 -0.127379553522558 0.944449569916835 -0.203119076993126
35.2 -20.2535179004683  -34.878817094101 -13.1197018785128 0.256449250855506 -0.113935187029516 0.93286894619173 -0.225849693653391
35.6  -20.938332973541 -35.2777092444177  -12.357900841851 0.281467686784731 -0.103798895325802 0.92228768447713 -0.243694804390675
35.9 -21.5226933452624 -35.6618224874326 -11.6246096313213 0.299729614083656 -0.0957792201563927 0.913718591932188 -0.257112493249466
36.2 -22.1383242902434 -36.1059194429647 -10.8166700391247 0.32698064854129 -0.0890396353949768 0.90030554930742 -0.273140104515085
36.5 -22.9314898641954 -36.5763816983394 -9.86144926400511 0.356995322342844 -0.0838025029669401 0.883786414774662 -0.290608075217387
36.8 -23.6441318145127 -36.9408637662764 -9.04168925349063 0.386692558739675 -0.0786449024373348 0.865800928435693 -0.307689123395479
37.2 -24.4310559389069 -37.2612908692137 -8.26509926467068 0.425192581809018 -0.0719948567195674 0.83957153981999 -0.330374996791224
37.4 -25.2193754382492 -37.6871171907349 -7.30703015434998 0.445046466688601 -0.0689134944137219 0.825706915286278 -0.339694955547034
37.6 -26.0245017890124 -38.1696266874951 -6.10956616875342 0.462914708303203 -0.0658209442794305 0.811272115492791 -0.351020128702866
37.8 -27.1368071767699 -38.8283453967152 -4.45944471786017 0.481502606828661 -0.06253374587201 0.796355268540826 -0.360642560593849
38 -28.4256935782224 -39.6200646955814 -2.42981596971289 0.499663000969909 -0.0590256930134555 0.781024848114042 -0.369936534630555
38.1 -29.0629775339015 -40.0624637623332 -1.26722264402712 0.499573075417506 -0.0621452209282899 0.78101774235499 -0.369561902744836
38.2   -29.7315897564919   -40.5422576945039 0.00935798603503457 0.498835382706583 -0.0659457917228782 0.781633308143871 -0.368597049790267
38.3 -30.4179582339833 -41.0641963406064  1.36390060708953 0.496226598531805 -0.0695735069382084 0.783499651815665 -0.367487395221395
38.4 -31.1829059651141 -41.5824508692881   2.8191563079239 0.49293854580824 -0.0743707538774683 0.786176479369051 -0.365249400151512
38.5 -31.9897208667359 -42.1354207915692  4.34623878478739 0.488137975112674 -0.0792212700280463 0.789967581510081 -0.36248658980872
38.6 -32.8029550640735 -42.7217624685553  5.97610146868784 0.482433120614695 -0.0843062313944963 0.79423914106304 -0.359631659181265
38.7 -33.6482083940849 -43.3519348418865  7.72484838958132 0.476411891854109 -0.0906090621252951 0.798607312994514 -0.356438026580281
38.8 -34.5530063467305 -44.0406285484855  9.52964444619718 0.469345193843922 -0.097431419803841 0.803735571166314 -0.352464663608394
38.9  -35.518297712957 -44.7138544760506  11.4709875139164 0.462349144497021 -0.104094672754486 0.809239590204387 -0.347172656372654
39 -36.4332764987893 -45.5061487990228  13.4909220246422 0.454413034574221 -0.111179666317191 0.814833831110678 -0.342335659089352
39.1 -37.3871229451684 -46.4096986798873  15.5511384221998 0.44646361683778 -0.119051200680745 0.820373254352749 -0.336875012429357
39.2 -38.5134907713496 -47.4441720027151  17.5478232664841 0.436697299647995 -0.126236182345281 0.826919328242535 -0.331005014049566
39.3 -39.5914498793657 -48.4512836894459  19.2866269946959 0.426303394621688 -0.136464545127822 0.832999215517214 -0.325200170056517
39.4 -41.1346907668865 -49.7756383542781  21.2570393946065 0.415493322024642 -0.141930332800009 0.839372779247632 -0.320428490372363
39.5 -42.5031182196336 -50.9556786021475  23.1024891324328 0.405116289054755 -0.149293943952439 0.845144608397079 -0.3151550436515
39.6 -43.6253817571551 -52.2235762753672  25.1259948037866 0.397171599693741 -0.156147746003301 0.848968681280908 -0.311648487913803
39.7 -45.0525548810983 -53.4434948201664  27.1369271878789 0.38477153906606 -0.163905314856227 0.855191446254752 -0.306159273482484
39.8 -46.1669052465891 -54.6858474633708    29.39290330123 0.375599639176937 -0.172739956617012 0.858965690633055 -0.302098925442291
39.9 -47.3392053127794 -55.8949910374222   31.688645676927 0.36646147960333 -0.182049393570385 0.862628034852134 -0.297383381772988
40 -48.5488681887045 -57.0822836700331  34.0847496067808 0.357742144667436 -0.191802248498757 0.865555909754502 -0.293335000449352
40.1 -49.6569540348181 -58.2067542963754  36.4727238423385 0.350386887267314 -0.200488550228824 0.868234071066641 -0.288449247350924
40.2 -50.6314010723426 -59.2971915728693  38.8515607711125 0.343212974831445 -0.209193408556599 0.870468519026269 -0.284125903620271
40.3 -51.5520064148098 -60.3594961769849  41.1540722296064 0.336489893938126 -0.218903939348567 0.872269515239758 -0.279287503119251
40.4 -52.5786818767128 -61.4002345326898  43.3149903357756 0.33021652126739 -0.227632999959286 0.873607403057853 -0.275590950022153
40.5 -53.4699757742367  -62.393563255739  45.3682134737992 0.325447355756494 -0.238875079714649 0.874122158525964 -0.270061413193991
40.6 -54.3594072137516 -63.2806146928456  47.4413795885848 0.321503734461336 -0.2479902282664 0.874667275545346 -0.264751491972896
40.7 -55.2315443870588 -64.1104071213067  49.5462379277203 0.318302231398711 -0.25649014969524 0.874873724931564 -0.259793106183142
40.8 -56.1017940579694 -64.9614888501451  51.4299412103782 0.315699235106574 -0.265864480878977 0.87441709166453 -0.255038860891866
40.9  -56.953443449898 -65.7114033921121  53.3596526451249 0.313624357013265 -0.274788123168645 0.873896465343822 -0.249872403264234
41 -57.7679217161096 -66.5606871711797  55.1629280932708 0.311791461332988 -0.28324730331098 0.873120967313714 -0.245391169857562
41.1 -58.6600219271375 -67.3224553048527  56.8627344664708 0.310929745401988 -0.291790860692116 0.871897021667178 -0.240782828807859
41.2 -59.5758927410988  -68.012183761473  58.5363724958873 0.31093848825333 -0.299403861277831 0.870454800939789 -0.236607320037929
41.3 -60.5051012581238 -68.8400223789264  59.9709866173206 0.310609749820699 -0.306911733030233 0.868919727514808 -0.233034929957493
41.4  -61.477217558563 -69.5941462134962  61.3601065723172 0.311185720783118 -0.314589986322759 0.867123634414747 -0.228677043722143
41.5 -62.4697650344327 -70.3682655919201  62.6234470487133 0.312174115358312 -0.321329913600353 0.865250658135463 -0.225023791902085
41.7 -64.3250983001232 -72.0320241727442  64.8934201846982 0.315385187044964 -0.33252939990707 0.861350601637862 -0.219160952380093
41.9 -65.6065127477691 -73.8536376936421  66.9947746855113 0.319952032328058 -0.341805037666692 0.857292947209368 -0.21412336607641
42.1 -66.3903475923986 -75.6268726218241  69.0139240520062 0.325881889978437 -0.347888227345431 0.853566319186667 -0.210236328470275
42.3 -67.0112382984773 -77.2759732977187   70.795034544231 0.332778335041777 -0.351582694935866 0.85010151180233 -0.207305590807025
42.5 -67.6349004978985 -78.7408750059219  72.3854966967857 0.340683603760749 -0.353306298294899 0.846805988515974 -0.205009657156023
42.8 -68.4143823724184 -80.6830830802835  74.2796122556747 0.35233910488801 -0.352301073028899 0.842785773965873 -0.203600708029583
43.2 -69.3648641501113 -82.5941642700648  76.1317577556811 0.367556181784141 -0.347159736620459 0.838394029305589 -0.203661538162257
43.7 -70.1232649381499 -83.9252672501154  77.4137346919498 0.381818213928346 -0.339376504029637 0.834626485281641 -0.206002597293345
44.7 -71.0539657396316 -85.5865227981086  79.1750709345026 0.380523038146584 -0.340558196397013 0.833113561109251 -0.212471472443641
45 -72.2176283079761  -87.335610696308  80.9755725268517 0.372755239130448 -0.347409670505001 0.833729759574576 -0.212731616221308
45.2 -73.3553771424697 -88.8631592104019   82.671055683316 0.367265704150148 -0.352244347325168 0.834047894453772 -0.213081984432735
45.4 -74.8703058982155 -90.5901099572899  84.7344382271981 0.361576164239313 -0.357671287123406 0.834259118606213 -0.212945182720472
45.6 -76.8223885833876 -92.4265392581667  87.1887233940744 0.356214803730764 -0.363297513250691 0.834210621350553 -0.212646584018748
45.8 -79.4303997393811  -94.122448801207  89.9348395533379 0.350875987519979 -0.369794054429239 0.833960028716352 -0.211303263567051
46  -82.724443081936 -95.5922773336637  92.9031391262707 0.346509487261468 -0.376105514573218 0.833358282963252 -0.209737429568376
46.2 -86.8802270567744 -96.6862621124606  95.8300528178529 0.343013755813625 -0.382895337108754 0.83245064641342 -0.206781637068876
46.4 -91.6541487346613 -97.4584447295438  98.5986995269731 0.34035371712766 -0.389258380851858 0.831400126878974 -0.203497147890579
46.6 -96.5945473514076 -97.9957803155042   101.17024833347 0.338481156906002 -0.394796454577012 0.830340458551499 -0.200252312759385
46.8 -101.502487720159  -98.331161707048  103.336818651153 0.33748047670577 -0.400233258945332 0.828754579226718 -0.197702083163507
47 -106.367041008495  -98.663074499074  105.635542277169 0.337177238755234 -0.404051903009772 0.827499428190792 -0.195699426885951
47.2 -111.099927920641   -99.01163821378  108.062058270962 0.337816396334343 -0.406308723484643 0.826422104418299 -0.194473157316859
47.4 -115.653506870068 -99.4525703004762  110.661117040478 0.338900712274832 -0.406293962465523 0.826072723783492 -0.194101463942439
47.6  -119.88322615379 -99.9919614092817  113.638105468408 0.340762954261959 -0.404044156604696 0.826183988817502 -0.195061388126572
47.8 -123.742764886378 -100.562980201852  116.978329333511 0.343119586196413 -0.399146912321193 0.826964945563227 -0.197685787962789
48 -127.207667115482 -101.072184379303  120.661638321301 0.345922221151121 -0.391097244574846 0.828526556630554 -0.202298065135967
48.2 -130.305326037965  -101.43932877307  124.611379547273 0.349401110265531 -0.379257459526552 0.831039246753856 -0.208462020266196
48.4 -133.061935893547 -101.739614337918    128.8504137901 0.353685386822623 -0.364639991338795 0.833777488035347 -0.216239275595445
48.6 -135.367200053396 -101.805051886068   133.00338386933 0.357660139163441 -0.347425939375797 0.837001703133289 -0.225394299959887
48.8 -137.006019934431 -101.913575942367  137.525265320591 0.362429154481804 -0.328611254095544 0.839779035961222 -0.235437725149134
49 -136.313626204721 -102.188835638919  142.012893873486 0.36712660670857 -0.308601638172454 0.842330034249614 -0.245892653336721
49.3 -130.014790231169 -103.365646067312  143.486950974889 0.374799167370868 -0.277339070002789 0.845263815537782 -0.261032002885859
49.6 -124.179230942058 -105.158045827592   142.32859481546 0.384193045981854 -0.245639453807056 0.847457673315106 -0.271794875028768
49.9 -119.124830640643 -107.045217968512  140.698609116867 0.395195241501714 -0.216331704580159 0.848406615869718 -0.277898414598461
50.2 -114.548871216281  -108.45135496285  139.145197503898 0.408194929107305 -0.191344254164797 0.848275480845148 -0.277836255456578
50.5 -110.389442296914 -109.210085362242  137.862806845718 0.42267596990622 -0.171210088157229 0.847310408940816 -0.272208010678556
50.9 -105.107878443021 -109.495117129327  136.534743426472 0.442769918714734 -0.150734601137944 0.845019106354581 -0.259184469050207
51.2 -100.057853491502 -109.394795662762   135.59940133273 0.457011780120433 -0.13941699071768 0.842853770797383 -0.24758969401615
51.5  -93.749936530575 -109.015398083468  134.269286130555 0.469538906188168 -0.130646985913192 0.840540857475921 -0.236549461130355
51.7 -88.9991114993923 -108.900301509947  133.321987847482 0.476468336907066 -0.125886871939554 0.839075328440442 -0.230397509971038
51.9  -83.777591027814 -108.984215017877  132.214876842878 0.481908043911655 -0.121842089389635 0.837808125893383 -0.22582445982096
52.1 -78.3503183819377 -109.268667339815  131.003939783959 0.485627855393359 -0.118267154237301 0.836829405452598 -0.223371915120295
52.3  -73.153929965329 -109.650998891739  129.815314059893 0.487607169995309 -0.115288443800088 0.836169616203047 -0.223087864829462
52.5 -68.2198703920908  -110.01486166271  128.668036936595 0.48784021903474 -0.113129174455589 0.835996580712133 -0.224328838130001
52.7 -63.5003716772212 -110.285816533506  127.607358508133 0.487057318427812 -0.112101598601657 0.835989755383049 -0.226560210653705
53 -58.8861001630393 -121.106433853723  150.324464431591 0.541086795327968 -0.105312123273219 0.798878904549875 -0.240680145584525
53.4 -50.8524568620627 -120.211946826181  147.458747311974 0.53462506050541 -0.112359438841478 0.801613651819858 -0.242831123208797
53.7 -45.6227005774185 -119.401252149657  145.755414739214 0.52919691747235 -0.124193184321631 0.804287936583326 -0.240099126554745
54 -39.9013446144633 -118.372883409777  144.347266038342 0.522567663909332 -0.141521793330464 0.808355182662288 -0.231206654990489
54.2  -35.794240991296 -117.424075973499  143.390679595795 0.518688191856066 -0.160974371007445 0.8116250329305 -0.215208311708463
54.4 -31.3121584143921 -116.256663726096  142.447799109331 0.514697811652125 -0.180220736075069 0.814220701142933 -0.199126338788683
54.6 -26.1984341064764 -115.130102163361  141.627670552938 0.509126568605636 -0.20003299839579 0.816806925584074 -0.183312255483735
54.8 -21.1168643551103 -113.343643625551  140.488880616634 0.504990573450234 -0.218201259931183 0.818327784061173 -0.166470323854969
55 -15.9942051780905  -111.76012790743  139.255524130758 0.499118442835006 -0.236931439554133 0.819898550640826 -0.15003546124113
55.2 -11.3177796153505 -109.985253427902  137.333848511334 0.493017301463171 -0.255772360817782 0.820776723781353 -0.133566498787759
55.4 -6.60720923129364 -108.300024892971  135.268770499131 0.487003241774245 -0.275180650088658 0.820480237358611 -0.117964538833148
55.6 -2.56156916703114 -106.413515978462  133.173246712391 0.480466715944276 -0.292801519495627 0.82055691775727 -0.10052536879546
55.7 -0.372715035023475    -105.6375552198   132.171400057608 0.477010031982738 -0.301753732641893 0.820307232415639 -0.0922071508675278
55.9  3.95231217786539 -104.262393230896  130.211670145533 0.470063833791007 -0.319922061156441 0.819122191076716 -0.0756881961259145
56  6.11573067594304 -103.676143114109  129.262479834489 0.466562410410995 -0.328999399199381 0.818250972740968 -0.0674111127811201
56.1  8.26551798921084 -103.151631247217  128.338122225236 0.46266491749767 -0.336636348178249 0.817798485366935 -0.0618286384585201
56.3  12.0234089897704 -102.275244917475  126.731462764818 0.454913054114621 -0.350636327386956 0.816884815292935 -0.0529856363227122
56.5  15.1232047602567 -101.598807312388  125.451100088937 0.447279233769989 -0.362622650545817 0.816244190358172 -0.0468136951734185
56.7  17.5494749316529 -101.073350138887  124.490902628701 0.439860965990182 -0.372673378584917 0.815959127658388 -0.0429835489838897
57  19.8699211882655 -100.554947064901  123.611879703026 0.429686656511196 -0.38463420978306 0.815938748198963 -0.0408639335881826
58  21.5098403141752 -100.147561157052  123.082626392396 0.410130499809045 -0.399675996991231 0.818293146114106 -0.0494812851301095
58.3  23.3485580983397 -99.6548993594674  122.364044706871 0.410607635645787 -0.397529405648524 0.818947157500822 -0.0519354832020633
58.5 25.1707398475391 -99.108981793852 121.661494880715 0.412154688317286 -0.395027756942916 0.819305397374975 -0.0531060257877042
58.7  27.4866642402452 -98.3607299415329  120.802812547489 0.413946435868543 -0.392227818564723 0.819707209822324 -0.0537194261044305
58.9  30.2086676021523 -97.6559474436207  119.847824086101 0.416692476553882 -0.390338846845155 0.819135983174685 -0.0549472992550979
59 31.8574701761454  -96.76341813825 119.350402320923 0.417196574344085 -0.387567634377259 0.820256997547505 -0.0540074542366863
59.1  33.5379205779893 -96.0620980616644  118.853772464634 0.418121859992294 -0.386062735051669 0.820502193994198 -0.0539056996218074
59.2   35.311192664411 -95.2901399277499  118.350686976202 0.418952832166158 -0.386880647151017 0.819672013272459 -0.0542188153489129
59.3  37.2777921630616 -94.4370737966373  117.900818892245 0.419377383574965 -0.383601080204994 0.821057556827775 -0.0532664039276546
59.4  39.3043132127079 -93.5061592669213  117.456454403117 0.419637637805471 -0.381907576420728 0.82176427929072 -0.0524816662396878
59.6 43.7434650968467 -91.416138973503 116.693053231466 0.41951529914016 -0.381845073182534 0.821909412953773 -0.0516349762423878
59.7  46.1737861305923 -90.3711478771834  116.367294110316 0.418889700705864 -0.384109633898669 0.821180522590958 -0.0515146300192844
59.8  50.3603732982006 -93.5726418149475  119.079773412185 0.419117182695564 -0.37802775273672 0.824211480897273 -0.0459482326894291
60  54.3864269106907 -92.0478089911648  118.885129258473 0.416506965116568 -0.378230400967249 0.82553647708299 -0.0441954386667337
60.4  63.0189440163254 -89.8496225633448  119.308286685115 0.405015154915975 -0.386826334184357 0.827432612688118 -0.0410290498305366
60.6  67.6802350094929 -89.4623859793497  120.051676909935 0.396480956830607 -0.393832045612243 0.828340262038725 -0.0393901130384106
60.7   70.077600739409 -89.4558526966454  120.540598604714 0.391819264228441 -0.397552270767423 0.828829841288496 -0.0383529708997275
60.8  72.4313865102228 -89.6051892718704  121.114671757291 0.387040860711167 -0.401428638654479 0.82924621208897 -0.0374851963322257
