0 0.000000000 1.0
1 0.100000000 1.0
2 0.200000000 1.0
3 0.300000000 1.0
4 0.400000000 1.0
5 0.500000000 1.0
6 0.600000000 1.0
7 0.700000000 1.0
8 0.800000000 1.0
9 0.900000000 1.0
10 1.000000000 1.0
11 1.100000000 1.0
12 1.200000000 1.0
13 1.300000000 1.0
14 1.400000000 1.0
15 1.500000000 1.0
16 1.600000000 1.0
17 1.700000000 1.0
18 1.800000000 1.0
19 1.900000000 1.0
20 2.000000000 1.0
21 2.100000000 1.0
22 2.200000000 1.0
23 2.300000000 1.0
24 2.400000000 1.0
25 2.500000000 1.0
26 2.600000000 1.0
27 2.700000000 1.0
28 2.800000000 1.0
29 2.900000000 1.0
30 3.000000000 1.0
31 3.100000000 1.0
32 3.200000000 1.0
33 3.300000000 1.0
34 3.400000000 1.0
35 3.500000000 1.0
36 3.600000000 1.0
37 3.700000000 1.0
38 3.800000000 1.0
39 3.900000000 1.0
40 4.000000000 1.0
41 4.100000000 1.0
42 4.200000000 1.0
43 4.300000000 1.0
44 4.400000000 1.0
45 4.500000000 1.0
46 4.600000000 1.0
47 4.700000000 1.0
48 4.800000000 1.0
49 4.900000000 1.0
50 5.000000000 1.0
51 5.100000000 1.0
52 5.200000000 1.0
53 5.300000000 1.0
54 5.400000000 1.0
55 5.500000000 1.0
56 5.600000000 1.0
57 5.700000000 1.0
58 5.800000000 1.0
59 5.900000000 1.0
60 6.000000000 1.0
61 6.100000000 1.0
62 6.200000000 1.0
63 6.300000000 1.0
64 6.400000000 1.0
65 6.500000000 1.0
66 6.600000000 1.0
67 6.700000000 1.0
68 6.800000000 1.0
69 6.900000000 1.0
70 7.000000000 1.0
71 7.100000000 1.0
72 7.200000000 1.0
73 7.300000000 1.0
74 7.400000000 1.0
75 7.500000000 1.0
76 7.600000000 1.0
77 7.700000000 1.0
78 7.800000000 1.0
79 7.900000000 1.0
