0 -1.65775225612534e-05 -4.59827095046168e-07 -1.11343952321729e-05 9.86763297519985e-06 1.6216091239996e-06 -2.61339360957259e-06 0.999999999946585
0.7     0.146958531997338 -0.000776772465236506    -0.017310774837777 0.0332855571228108 -0.0318984390445882 0.0429684284066264 0.998012161966881
1     0.209226836439364 -0.000188143056285889   -0.0243413554802806 0.0482054141371992 -0.0464171971077542 0.0619103422812803 0.995835725096833
1.3     0.270444909300013 -7.81007729000291e-05   -0.0318186834187473 0.0618148523189227 -0.0593470042488061 0.0796639203177941 0.993131671491289
1.6    0.32815952803204 0.00124827249082166 -0.0379741536537072 0.0737787600166031 -0.0701984839644531 0.095140393578382 0.990240967103086
2   0.386767876584507 0.00216217136236365 -0.0443625854614813 0.0848938645269182 -0.0785721124281201 0.11042547592663 0.987130016350757
2.6   0.436907708628689 0.00343737114830722 -0.0493738145797004 0.0898604126950235 -0.0761128745054609 0.119354091388107 0.985843059230888
3.5   0.483439491872792 0.00567292714042029  -0.051830424902359 0.080920507056479 -0.0501448851069744 0.113205467247623 0.989000447027492
3.8   0.536003681226679 0.00794721717787942 -0.0563168299422117 0.0765662866788203 -0.0388739732436646 0.109282556694514 0.990294774676095
4.1   0.611149951412509  0.0110544200505753 -0.0632133654246272 0.0727783176603669 -0.0278784248288974 0.105967764678299 0.991310719581238
4.3   0.673672070207542  0.0137787180147972 -0.0689673422706318 0.070746965235138 -0.0209433015669154 0.104283890829561 0.99180699490523
4.5   0.746073189546861   0.017328895757819 -0.0750564723752235 0.0691220932697145 -0.014354259919222 0.102803124796918 0.992193332459039
4.7  0.828355946963341 0.0214096384172553 -0.083365800667469 0.0677242395902372 -0.0078390903543264 0.101651725378439 0.992481185092155
4.9   0.912191717050852  0.0252711741564328 -0.0913201417455954 0.0660339331138629 -0.00148201684462659 0.100565050165093 0.992735611323014
5.3   1.07846089324682 0.0330689592333405 -0.108109864405927 0.0618361118427708 0.0108467268620029 0.0981695002123034 0.993187491371401
5.5   1.16035286357285 0.0373260392375655 -0.116403263445979 0.059192203263255 0.016980771157769 0.0964751439019869 0.993428650227494
5.9   1.32254182825696 0.0458445754987512 -0.133429292198134 0.0516964010488049 0.0294051334599679 0.0915103262250686 0.994026498861567
6.1   1.40243490426578 0.0501415990648851 -0.142347809388243 0.0465612897126688 0.0359760391523787 0.0879384425705945 0.994386545175194
6.3   1.48211373377129 0.0538916272663447 -0.151579952828531 0.0401768633317444 0.0427478251567798 0.0836303668388573 0.99476851821898
6.7   1.63841431198055 0.0624724291493231 -0.170084931021318 0.0260711744135024 0.0570234026261375 0.0736580802578194 0.995310560895629
6.8   1.67687397714778 0.0647008005452965 -0.174929356519154 0.0223186965924833 0.0607682077945754 0.0710947250447282 0.995366586125264
6.9   1.71496472828887  0.066680842911839 -0.179839535395401 0.0184560350224036 0.0646110403147605 0.0685399433634895 0.995382873272605
7   1.75291562287159 0.0689310536884228 -0.184564134642996 0.014696298403018 0.0684438949732489 0.0659874545288429 0.995361797488202
7.1   1.79243750441606 0.0712220042002374 -0.189857465338425 0.0109832617603039 0.0723433731125704 0.0634785613563258 0.995297079557622
7.3   1.87446247171235  0.075693617567825 -0.201598735275526 0.00351557695682059 0.0803683282747192 0.0590180338223441 0.995010273420698
7.4   1.91488895768775 0.0776716251272815 -0.207680228992892 -0.000200416326652189 0.0843997460296782 0.0570889111958257 0.994795204512917
7.5   1.95474248594232 0.0795725106749125 -0.214199014563174 -0.00384715290141795 0.0884571642384449 0.055446807991543 0.994528119759816
7.6   1.99424118176543 0.0813946455848304  -0.22056464465291 -0.00736894865883465 0.0924156944297373 0.0540524658287947 0.99422500921902
